4.377049
4.376489
4.373659
4.375889
4.373735
4.374029
4.372907
4.372732
4.372448
4.371506
4.371914
4.370851
4.371574
4.370292
4.371448
4.369921
4.371301
4.369683
4.371014
4.369694
4.370772
4.369524
4.370699
4.369378
4.370454
4.369235
4.370491
4.369007
4.370425
4.368877
4.370581
4.368803
4.370510
4.368793
4.370365
4.368684
4.370327
4.368753
4.370093
4.368644
4.370068
4.368689
4.370001
4.368604
4.369845
4.368642
4.369800
4.368557
4.369764
4.368587
4.369642
4.368532
4.369592
4.368544
4.369579
4.368488
4.369465
4.368517
4.369454
4.368456
4.369429
4.368482
4.369341
4.368441
4.369323
4.368455
4.369309
4.368415
4.369247
4.368441
4.369244
4.368395
4.369216
4.368426
4.369178
4.368391
4.369154
4.368412
4.369144
4.368381
4.369124
4.368413
4.369106
4.368383
4.369085
4.368413
4.369080
4.368387
4.369062
4.368416
4.369051
4.368395
4.369038
4.368426
4.369030
4.368403
4.369021
4.368434
4.369017
4.368415
4.369006
4.368442
4.369001
4.368426
4.368995
4.368454
4.368997
4.368441
4.368989
4.368469
4.368989
4.368455
4.368982
4.368484
4.368986
4.368480
4.368978
4.368502
4.368986
4.368483
4.368990
4.368505
4.368987
4.368527
4.368984
4.368519
4.368986
4.368546
4.368984
4.368559
4.368989
4.368546
4.368990
4.368574
4.368992
4.368586
4.368989
4.368578
4.368992
4.368602
4.368988
4.368615
4.368989
4.368618
4.368983
4.368631
4.368991
4.368642
4.368989
4.368629
4.369001
4.368655
4.368996
4.368667
4.369002
4.368673
4.368999
4.368679
4.369008
4.368668
4.369011
4.368694
4.369012
4.368700
4.369013
4.368706
4.369019
4.368696
4.369016
4.368713
4.369015
4.368714
4.369016
4.368718
4.369019
4.368721
4.369020
4.368720
4.369021
4.368728
4.369020
4.368732
4.369021
4.368736
4.369023
4.368732
4.369024
4.368742
4.369026
4.368749
4.369025
4.368752
4.369021
4.368756
4.369025
4.368754
4.369018
4.368760
4.369024
4.368762
4.369020
4.368763
4.369020
4.368766
4.369013
4.368765
4.369012
4.368766
4.369010
4.368763
4.369012
4.368750
4.369013
4.368762
4.369013
4.368763
4.369012
4.368765
4.369009
4.368769
4.369003
4.368767
4.369001
4.368771
4.368988
4.368767
4.368985
4.368764
4.368977
4.368760
4.368977
4.368757
4.368974
4.368752
4.368973
4.368750
4.368955
4.368742
4.368958
4.368740
4.368961
4.368732
4.368958
4.368735
4.368949
4.368732
4.368952
4.368732
4.368948
4.368728
4.368931
4.368717
4.368933
4.368720
4.368932
4.368718
4.368925
4.368715
4.368924
4.368711
4.368906
4.368711
4.368906
4.368713
4.368904
4.368708
4.368904
4.368706
4.368900
4.368701
4.368895
4.368698
4.368891
4.368693
4.368889
4.368691
4.368880
4.368685
4.368881
4.368679
4.368868
4.368677
4.368871
4.368679
4.368865
4.368671
4.368866
4.368672
4.368860
4.368667
4.368859
4.368667
4.368853
4.368663
4.368855
4.368662
4.368848
4.368660
4.368850
4.368663
4.368843
4.368661
4.368845
4.368661
4.368840
4.368659
4.368839
4.368658
4.368835
4.368659
4.368836
4.368658
4.368834
4.368656
4.368835
4.368655
4.368832
4.368653
4.368834
4.368652
4.368833
4.368651
4.368833
4.368650
4.368832
4.368651
4.368833
4.368651
4.368829
4.368650
4.368831
4.368650
4.368829
4.368651
4.368828
4.368650
4.368827
4.368651
4.368829
4.368652
4.368824
4.368651
4.368826
4.368652
4.368824
4.368652
4.368824
4.368653
4.368823
4.368653
4.368824
4.368653
4.368822
4.368654
4.368823
4.368655
4.368821
4.368654
4.368820
4.368655
4.368821
4.368655
4.368821
4.368656
4.368819
4.368657
4.368820
4.368658
4.368819
4.368658
4.368818
4.368658
4.368818
4.368658
4.368818
4.368659
4.368816
4.368660
4.368818
4.368659
4.368816
4.368659
4.368816
4.368660
4.368815
4.368662
4.368816
4.368661
4.368814
4.368663
4.368814
4.368662
4.368814
4.368663
4.368814
4.368662
4.368813
4.368664
4.368813
4.368663
4.368812
4.368665
4.368813
4.368664
4.368810
4.368666
4.368811
4.368667
4.368811
4.368666
4.368811
4.368667
4.368808
4.368666
4.368809
4.368666
4.368809
4.368667
4.368809
4.368667
4.368809
4.368670
4.368809
4.368669
4.368806
4.368669
4.368806
4.368668
4.368807
4.368668
4.368805
4.368669
4.368806
4.368668
4.368806
4.368670
4.368804
4.368670
4.368806
4.368671
4.368804
4.368672
4.368804
4.368670
4.368803
4.368670
4.368803
4.368671
4.368803
4.368672
4.368803
4.368670
4.368797
4.368670
4.368799
4.368670
4.368801
4.368672
4.368801
4.368673
4.368802
4.368672
4.368800
4.368671
4.368800
4.368673
4.368802
4.368673
4.368799
4.368675
4.368800
4.368674
4.368799
4.368673
4.368798
4.368673
4.368799
4.368673
4.368799
4.368677
4.368799
4.368677
4.368795
4.368676
4.368794
4.368673
4.368794
4.368672
4.368792
4.368674
4.368795
4.368676
4.368795
4.368678
4.368795
4.368677
4.368797
4.368676
4.368795
4.368676
4.368795
4.368675
4.368794
4.368678
4.368796
4.368679
4.368795
4.368679
4.368794
4.368677
4.368793
4.368677
4.368792
4.368677
4.368794
4.368680
4.368793
4.368680
4.368793
4.368679
4.368790
4.368677
4.368793
4.368679
4.368793
4.368680
4.368791
4.368680
4.368793
4.368680
4.368791
4.368677
4.368788
4.368679
4.368787
4.368680
4.368783
4.368679
4.368784
4.368677
4.368785
4.368677
4.368788
4.368679
4.368789
4.368680
4.368786
4.368681
4.368789
4.368679
4.368789
4.368679
4.368789
4.368681
4.368789
4.368682
4.368789
4.368683
4.368789
4.368682
4.368787
4.368682
4.368789
4.368682
4.368790
4.368684
4.368786
4.368683
4.368787
4.368682
4.368787
4.368681
4.368786
4.368689
4.368790
4.368686
4.368789
4.368685
4.368788
4.368682
4.368786
4.368685
4.368786
4.368685
4.368787
4.368687
4.368783
4.368685
4.368783
4.368683
4.368781
4.368682
4.368782
4.368682
4.368783
4.368685
4.368782
4.368685
4.368784
4.368685
4.368783
4.368683
4.368784
4.368689
4.368786
4.368687
4.368786
4.368687
4.368782
4.368686
4.368784
4.368688
4.368784
4.368686
4.368783
4.368687
4.368783
4.368687
4.368782
4.368688
4.368783
4.368685
4.368782
4.368687
4.368783
4.368687
4.368783
4.368689
4.368781
4.368687
4.368781
4.368687
4.368781
4.368688
4.368783
4.368690
4.368783
4.368689
4.368779
4.368689
4.368781
4.368688
4.368780
4.368688
4.368779
4.368688
4.368778
4.368688
4.368778
4.368687
4.368780
4.368689
4.368779
4.368688
4.368780
4.368688
4.368780
4.368690
4.368778
4.368690
4.368778
4.368688
4.368776
4.368690
4.368780
4.368690
4.368780
4.368689
4.368778
4.368690
4.368778
4.368691
4.368778
4.368690
4.368778
4.368690
4.368776
4.368690
4.368776
4.368691
4.368775
4.368691
4.368778
4.368694
4.368773
4.368690
4.368774
4.368691
4.368774
4.368691
4.368776
4.368691
4.368776
4.368692
4.368776
4.368692
4.368775
4.368691
4.368776
4.368689
4.368774
4.368692
4.368777
4.368692
4.368775
4.368692
4.368776
4.368694
4.368775
4.368693
4.368775
4.368693
4.368774
4.368693
4.368773
4.368691
4.368774
4.368691
4.368774
4.368692
4.368776
4.368691
4.368773
4.368692
4.368775
4.368693
4.368774
4.368695
4.368774
4.368693
4.368772
4.368691
4.368771
4.368692
4.368767
4.368691
4.368765
4.368691
4.368766
4.368691
4.368763
4.368693
4.368762
4.368694
4.368760
4.368693
4.368758
4.368693
4.368758
4.368693
4.368757
4.368691
4.368760
4.368690
4.368758
4.368689
4.368759
4.368690
4.368758
4.368689
4.368757
4.368689
4.368756
4.368688
4.368757
4.368689
4.368756
4.368688
4.368757
4.368688
4.368755
4.368686
4.368757
4.368687
4.368757
4.368686
4.368757
4.368685
4.368759
4.368685
4.368758
4.368685
4.368762
4.368684
4.368762
4.368684
4.368762
4.368682
4.368764
4.368683
4.368767
4.368682
4.368771
4.368681
4.368771
4.368682
4.368771
4.368682
4.368773
4.368684
4.368773
4.368683
4.368772
4.368685
4.368773
4.368686
4.368772
4.368686
4.368773
4.368686
4.368771
4.368687
4.368773
4.368687
4.368773
4.368688
4.368772
4.368686
4.368773
4.368688
4.368771
4.368688
4.368774
4.368687
4.368773
4.368689
4.368773
4.368688
4.368773
4.368688
4.368770
4.368689
4.368770
4.368687
4.368771
4.368687
4.368771
4.368688
4.368771
4.368689
4.368769
4.368688
4.368770
4.368687
4.368769
4.368688
4.368771
4.368689
4.368769
4.368687
4.368771
4.368688
4.368769
4.368690
4.368773
4.368690
4.368770
4.368688
4.368767
4.368690
4.368769
4.368687
4.368768
4.368687
4.368767
4.368689
4.368769
4.368690
4.368766
4.368688
4.368768
4.368688
4.368769
4.368689
4.368769
4.368690
4.368768
4.368688
4.368769
4.368689
4.368766
4.368689
4.368768
4.368690
4.368766
4.368688
4.368766
4.368690
4.368766
4.368690
4.368766
4.368690
4.368765
4.368688
4.368766
4.368689
4.368767
4.368688
4.368769
4.368690
4.368765
4.368690
4.368765
4.368689
4.368765
4.368688
4.368764
4.368690
4.368764
4.368690
4.368765
4.368691
4.368762
4.368689
4.368763
4.368688
4.368763
4.368687
4.368764
4.368690
4.368764
4.368690
4.368766
4.368688
4.368765
4.368690
4.368765
4.368690
4.368762
4.368688
4.368762
4.368688
4.368763
4.368689
4.368763
4.368689
4.368761
4.368689
4.368764
4.368690
4.368762
4.368690
4.368762
4.368690
4.368762
4.368689
4.368762
4.368690
4.368763
4.368688
4.368763
4.368690
4.368762
4.368690
4.368762
4.368689
4.368761
4.368690
4.368762
4.368690
4.368761
4.368690
4.368760
4.368688
4.368760
4.368689
4.368761
4.368690
4.368760
4.368690
4.368761
4.368690
4.368761
4.368689
4.368762
4.368690
4.368760
4.368688
4.368760
4.368690
4.368760
4.368690
4.368759
4.368689
4.368759
4.368688
4.368758
4.368690
4.368760
4.368690
4.368759
4.368690
4.368759
4.368691
4.368758
4.368691
4.368758
4.368690
4.368758
4.368690
